0.342400	137.00
0.342420	167.00
0.342440	167.00
0.342460	159.00
0.342480	142.00
0.342500	119.00
0.342520	97.00
0.342540	84.00
0.342560	83.00
0.342580	91.00
0.342600	107.00
0.342620	126.00
0.342640	143.00
0.342660	156.00
0.342680	160.00
0.342700	157.00
0.342720	147.00
0.342740	134.00
0.342760	120.00
0.342780	108.00
0.342800	100.00
0.342820	97.00
0.342840	101.00
0.342860	109.00
0.342880	119.00
0.342900	129.00
0.342920	137.00
0.342940	143.00
0.342960	145.00
0.342980	143.00
0.343000	137.00
0.343020	130.00
0.343040	123.00
0.343060	116.00
0.343080	112.00
0.343100	111.00
0.343120	112.00
0.343140	115.00
0.343160	120.00
0.343180	125.00
0.343200	129.00
0.343220	133.00
0.343240	135.00
0.343260	135.00
0.343280	134.00
0.343300	131.00
0.343320	127.00
0.343340	123.00
0.343360	120.00
0.343380	118.00
0.343400	117.00
0.343420	118.00
0.343440	120.00
0.343460	123.00
0.343480	126.00
0.343500	128.00
0.343520	130.00
0.343540	130.00
0.343560	130.00
0.343580	129.00
0.343600	127.00
0.343620	125.00
0.343640	123.00
0.343660	122.00
0.343680	121.00
0.343700	121.00
0.343720	122.00
0.343740	123.00
0.343760	124.00
0.343780	126.00
0.343800	127.00
0.343820	128.00
0.343840	128.00
0.343860	127.00
0.343880	127.00
0.343900	126.00
0.343920	125.00
0.343940	124.00
0.343960	124.00
0.343980	124.00
0.344000	124.00
0.344020	124.00
0.344040	124.00
0.344060	125.00
0.344080	126.00
0.344100	126.00
0.344120	126.00
0.344140	126.00
0.344160	126.00
0.344180	125.00
0.344200	125.00
0.344220	124.00
0.344240	124.00
0.344260	124.00
0.344280	124.00
0.344300	124.00
0.344320	125.00
0.344340	125.00
0.344360	125.00
0.344380	125.00
0.344400	126.00
0.344420	126.00
0.344440	126.00
0.344460	125.00
0.344480	125.00
0.344500	125.00
0.344520	125.00
0.344540	125.00
0.344560	125.00
0.344580	125.00
0.344600	125.00
0.344620	125.00
0.344640	125.00
0.344660	125.00
0.344680	125.00
0.344700	125.00
0.344720	125.00
0.344740	125.00
0.344760	125.00
0.344780	125.00
0.344800	125.00
0.344820	125.00
0.344840	125.00
0.344860	125.00
0.344880	125.00
0.344900	125.00
0.344920	125.00
0.344940	125.00
0.344960	125.00
0.344980	125.00
0.345000	125.00
0.345020	125.00
0.345040	125.00
0.345060	126.00
0.345080	126.00
0.345100	126.00
0.345120	126.00
0.345140	125.00
0.345160	124.00
0.345180	123.00
0.345200	123.00
0.345220	124.00
0.345240	125.00
0.345260	126.00
0.345280	127.00
0.345300	128.00
0.345320	127.00
0.345340	126.00
0.345360	125.00
0.345380	123.00
0.345400	122.00
0.345420	122.00
0.345440	122.00
0.345460	123.00
0.345480	125.00
0.345500	127.00
0.345520	128.00
0.345540	129.00
0.345560	128.00
0.345580	126.00
0.345600	124.00
0.345620	123.00
0.345640	122.00
0.345660	122.00
0.345680	122.00
0.345700	124.00
0.345720	125.00
0.345740	126.00
0.345760	127.00
0.345780	128.00
0.345800	128.00
0.345820	127.00
0.345840	126.00
0.345860	125.00
0.345880	124.00
0.345900	123.00
0.345920	123.00
0.345940	123.00
0.345960	124.00
0.345980	124.00
0.346000	125.00
0.346020	125.00
0.346040	126.00
0.346060	126.00
0.346080	126.00
0.346100	126.00
0.346120	125.00
0.346140	125.00
0.346160	125.00
0.346180	125.00
0.346200	124.00
0.346220	124.00
0.346240	123.00
0.346260	123.00
0.346280	124.00
0.346300	125.00
0.346320	126.00
0.346340	127.00
0.346360	128.00
0.346380	127.00
0.346400	126.00
0.346420	125.00
0.346440	123.00
0.346460	121.00
0.346480	120.00
0.346500	121.00
0.346520	123.00
0.346540	127.00
0.346560	130.00
0.346580	132.00
0.346600	131.00
0.346620	128.00
0.346640	124.00
0.346660	121.00
0.346680	118.00
0.346700	118.00
0.346720	120.00
0.346740	123.00
0.346760	128.00
0.346780	131.00
0.346800	133.00
0.346820	132.00
0.346840	129.00
0.346860	125.00
0.346880	121.00
0.346900	119.00
0.346920	118.00
0.346940	119.00
0.346960	121.00
0.346980	124.00
0.347000	127.00
0.347020	130.00
0.347040	132.00
0.347060	132.00
0.347080	131.00
0.347100	128.00
0.347120	126.00
0.347140	124.00
0.347160	122.00
0.347180	122.00
0.347200	122.00
0.347220	122.00
0.347240	123.00
0.347260	124.00
0.347280	125.00
0.347300	126.00
0.347320	127.00
0.347340	128.00
0.347360	128.00
0.347380	127.00
0.347400	126.00
0.347420	125.00
0.347440	124.00
0.347460	123.00
0.347480	123.00
0.347500	123.00
0.347520	124.00
0.347540	124.00
0.347560	125.00
0.347580	126.00
0.347600	127.00
0.347620	127.00
0.347640	127.00
0.347660	127.00
0.347680	126.00
0.347700	126.00
0.347720	125.00
0.347740	124.00
0.347760	124.00
0.347780	124.00
0.347800	124.00
0.347820	125.00
0.347840	125.00
0.347860	125.00
0.347880	125.00
0.347900	125.00
0.347920	125.00
0.347940	125.00
0.347960	125.00
0.347980	125.00
0.348000	126.00
0.348020	126.00
0.348040	126.00
0.348060	125.00
0.348080	124.00
0.348100	124.00
0.348120	123.00
0.348140	123.00
0.348160	124.00
0.348180	124.00
0.348200	125.00
0.348220	126.00
0.348240	127.00
0.348260	127.00
0.348280	126.00
0.348300	126.00
0.348320	125.00
0.348340	124.00
0.348360	124.00
0.348380	123.00
0.348400	123.00
0.348420	124.00
0.348440	124.00
0.348460	125.00
0.348480	126.00
0.348500	126.00
0.348520	126.00
0.348540	126.00
0.348560	126.00
0.348580	125.00
0.348600	125.00
0.348620	125.00
0.348640	124.00
0.348660	124.00
0.348680	125.00
0.348700	125.00
0.348720	125.00
0.348740	125.00
0.348760	125.00
0.348780	125.00
0.348800	125.00
0.348820	125.00
0.348840	125.00
0.348860	125.00
0.348880	124.00
0.348900	124.00
0.348920	124.00
0.348940	124.00
0.348960	125.00
0.348980	125.00
0.349000	125.00
0.349020	125.00
0.349040	125.00
0.349060	125.00
0.349080	125.00
0.349100	125.00
0.349120	125.00
0.349140	125.00
0.349160	125.00
0.349180	125.00
0.349200	125.00
0.349220	125.00
0.349240	125.00
0.349260	125.00
0.349280	125.00
0.349300	124.00
0.349320	124.00
0.349340	125.00
0.349360	125.00
0.349380	125.00
0.349400	125.00
0.349420	125.00
0.349440	126.00
0.349460	126.00
0.349480	126.00
0.349500	125.00
0.349520	124.00
0.349540	124.00
0.349560	124.00
0.349580	125.00
0.349600	125.00
0.349620	125.00
0.349640	125.00
0.349660	126.00
0.349680	126.00
0.349700	126.00
0.349720	126.00
0.349740	126.00
0.349760	125.00
0.349780	125.00
0.349800	125.00
0.349820	125.00
0.349840	125.00
0.349860	125.00
0.349880	125.00
0.349900	125.00
0.349920	125.00
0.349940	126.00
0.349960	126.00
0.349980	126.00
0.350000	126.00
0.350020	125.00
0.350040	125.00
0.350060	125.00
0.350080	125.00
0.350100	125.00
0.350120	125.00
0.350140	126.00
0.350160	126.00
0.350180	126.00
0.350200	126.00
0.350220	126.00
0.350240	125.00
0.350260	125.00
0.350280	124.00
0.350300	123.00
0.350320	123.00
0.350340	124.00
0.350360	125.00
0.350380	126.00
0.350400	126.00
0.350420	126.00
0.350440	126.00
0.350460	125.00
0.350480	125.00
0.350500	124.00
0.350520	124.00
0.350540	124.00
0.350560	124.00
0.350580	125.00
0.350600	125.00
0.350620	125.00
0.350640	125.00
0.350660	125.00
0.350680	125.00
0.350700	126.00
0.350720	126.00
0.350740	126.00
0.350760	126.00
0.350780	126.00
0.350800	126.00
0.350820	125.00
0.350840	124.00
0.350860	123.00
0.350880	123.00
0.350900	124.00
0.350920	125.00
0.350940	126.00
0.350960	126.00
0.350980	126.00
0.351000	126.00
0.351020	125.00
0.351040	125.00
0.351060	124.00
0.351080	124.00
0.351100	124.00
0.351120	125.00
0.351140	125.00
0.351160	126.00
0.351180	126.00
0.351200	126.00
0.351220	125.00
0.351240	125.00
0.351260	124.00
0.351280	124.00
0.351300	124.00
0.351320	124.00
0.351340	124.00
0.351360	125.00
0.351380	125.00
0.351400	126.00
0.351420	126.00
0.351440	126.00
0.351460	126.00
0.351480	126.00
0.351500	125.00
0.351520	125.00
0.351540	125.00
0.351560	125.00
0.351580	125.00
0.351600	125.00
0.351620	125.00
0.351640	125.00
0.351660	126.00
0.351680	126.00
0.351700	126.00
0.351720	125.00
0.351740	125.00
0.351760	125.00
0.351780	125.00
0.351800	125.00
0.351820	125.00
0.351840	125.00
0.351860	125.00
0.351880	125.00
0.351900	125.00
0.351920	125.00
0.351940	125.00
0.351960	125.00
0.351980	125.00
0.352000	125.00
0.352020	125.00
0.352040	125.00
0.352060	125.00
0.352080	125.00
0.352100	125.00
0.352120	125.00
0.352140	125.00
0.352160	125.00
0.352180	125.00
0.352200	125.00
0.352220	125.00
0.352240	125.00
0.352260	125.00
0.352280	125.00
0.352300	125.00
0.352320	125.00
0.352340	125.00
0.352360	125.00
0.352380	126.00
