0.216900	126.00
0.216920	124.00
0.216940	125.00
0.216960	125.00
0.216980	126.00
0.217000	125.00
0.217020	125.00
0.217040	125.00
0.217060	125.00
0.217080	125.00
0.217100	125.00
0.217120	125.00
0.217140	125.00
0.217160	125.00
0.217180	125.00
0.217200	125.00
0.217220	125.00
0.217240	125.00
0.217260	126.00
0.217280	126.00
0.217300	126.00
0.217320	125.00
0.217340	125.00
0.217360	124.00
0.217380	124.00
0.217400	124.00
0.217420	125.00
0.217440	125.00
0.217460	125.00
0.217480	125.00
0.217500	125.00
0.217520	125.00
0.217540	126.00
0.217560	126.00
0.217580	126.00
0.217600	126.00
0.217620	125.00
0.217640	125.00
0.217660	124.00
0.217680	124.00
0.217700	124.00
0.217720	125.00
0.217740	125.00
0.217760	125.00
0.217780	125.00
0.217800	125.00
0.217820	125.00
0.217840	125.00
0.217860	125.00
0.217880	125.00
0.217900	125.00
0.217920	125.00
0.217940	126.00
0.217960	125.00
0.217980	125.00
0.218000	126.00
0.218020	125.00
0.218040	125.00
0.218060	125.00
0.218080	125.00
0.218100	125.00
0.218120	125.00
0.218140	125.00
0.218160	125.00
0.218180	125.00
0.218200	125.00
0.218220	125.00
0.218240	126.00
0.218260	126.00
0.218280	126.00
0.218300	126.00
0.218320	126.00
0.218340	125.00
0.218360	125.00
0.218380	125.00
0.218400	125.00
0.218420	125.00
0.218440	125.00
0.218460	125.00
0.218480	125.00
0.218500	125.00
0.218520	125.00
0.218540	125.00
0.218560	125.00
0.218580	126.00
0.218600	126.00
0.218620	125.00
0.218640	125.00
0.218660	125.00
0.218680	125.00
0.218700	125.00
0.218720	125.00
0.218740	125.00
0.218760	125.00
0.218780	125.00
0.218800	125.00
0.218820	125.00
0.218840	125.00
0.218860	125.00
0.218880	125.00
0.218900	126.00
0.218920	126.00
0.218940	126.00
0.218960	126.00
0.218980	125.00
0.219000	125.00
0.219020	124.00
0.219040	124.00
0.219060	124.00
0.219080	124.00
0.219100	124.00
0.219120	124.00
0.219140	125.00
0.219160	125.00
0.219180	125.00
0.219200	125.00
0.219220	125.00
0.219240	125.00
0.219260	125.00
0.219280	125.00
0.219300	125.00
0.219320	125.00
0.219340	125.00
0.219360	125.00
0.219380	125.00
0.219400	125.00
0.219420	125.00
0.219440	125.00
0.219460	125.00
0.219480	125.00
0.219500	125.00
0.219520	125.00
0.219540	125.00
0.219560	125.00
0.219580	125.00
0.219600	125.00
0.219620	125.00
0.219640	125.00
0.219660	125.00
0.219680	125.00
0.219700	125.00
0.219720	125.00
0.219740	125.00
0.219760	125.00
0.219780	126.00
0.219800	126.00
0.219820	126.00
0.219840	125.00
0.219860	125.00
0.219880	125.00
0.219900	125.00
0.219920	125.00
0.219940	125.00
0.219960	125.00
0.219980	125.00
0.220000	126.00
0.220020	125.00
0.220040	125.00
0.220060	125.00
0.220080	125.00
0.220100	125.00
0.220120	125.00
0.220140	125.00
0.220160	125.00
0.220180	125.00
0.220200	125.00
0.220220	125.00
0.220240	125.00
0.220260	125.00
0.220280	125.00
0.220300	125.00
0.220320	125.00
0.220340	124.00
0.220360	124.00
0.220380	125.00
0.220400	125.00
0.220420	126.00
0.220440	126.00
0.220460	126.00
0.220480	125.00
0.220500	125.00
0.220520	125.00
0.220540	125.00
0.220560	125.00
0.220580	125.00
0.220600	125.00
0.220620	125.00
0.220640	125.00
0.220660	125.00
0.220680	125.00
0.220700	125.00
0.220720	126.00
0.220740	125.00
0.220760	125.00
0.220780	125.00
0.220800	125.00
0.220820	126.00
0.220840	126.00
0.220860	125.00
0.220880	125.00
0.220900	125.00
0.220920	125.00
0.220940	125.00
0.220960	125.00
0.220980	125.00
0.221000	125.00
0.221020	125.00
0.221040	125.00
0.221060	125.00
0.221080	125.00
0.221100	125.00
0.221120	125.00
0.221140	125.00
0.221160	126.00
0.221180	126.00
0.221200	125.00
0.221220	125.00
0.221240	125.00
0.221260	125.00
0.221280	125.00
0.221300	125.00
0.221320	125.00
0.221340	126.00
0.221360	126.00
0.221380	126.00
0.221400	126.00
0.221420	126.00
0.221440	126.00
0.221460	126.00
0.221480	126.00
0.221500	126.00
0.221520	125.00
0.221540	125.00
0.221560	125.00
0.221580	125.00
0.221600	125.00
0.221620	125.00
0.221640	125.00
0.221660	125.00
0.221680	125.00
0.221700	124.00
0.221720	124.00
0.221740	125.00
0.221760	125.00
0.221780	125.00
0.221800	125.00
0.221820	125.00
0.221840	125.00
0.221860	125.00
0.221880	125.00
0.221900	125.00
0.221920	125.00
0.221940	125.00
0.221960	125.00
0.221980	125.00
0.222000	125.00
0.222020	125.00
0.222040	125.00
0.222060	126.00
0.222080	127.00
0.222100	128.00
0.222120	128.00
0.222140	127.00
0.222160	125.00
0.222180	123.00
0.222200	122.00
0.222220	121.00
0.222240	121.00
0.222260	124.00
0.222280	127.00
0.222300	130.00
0.222320	132.00
0.222340	131.00
0.222360	129.00
0.222380	125.00
0.222400	121.00
0.222420	117.00
0.222440	115.00
0.222460	115.00
0.222480	118.00
0.222500	125.00
0.222520	134.00
0.222540	144.00
0.222560	150.00
0.222580	151.00
0.222600	145.00
0.222620	131.00
0.222640	113.00
0.222660	96.00
0.222680	85.00
0.222700	86.00
0.222720	99.00
0.222740	120.00
0.222760	144.00
0.222780	163.00
0.222800	169.00
0.222820	161.00
0.222840	141.00
0.222860	116.00
0.222880	93.00
0.222900	79.00
0.222920	80.00
0.222940	94.00
0.222960	118.00
0.222980	143.00
0.223000	164.00
0.223020	174.00
0.223040	172.00
0.223060	158.00
0.223080	136.00
0.223100	113.00
0.223120	95.00
0.223140	85.00
0.223160	84.00
0.223180	92.00
0.223200	105.00
0.223220	120.00
0.223240	135.00
0.223260	147.00
0.223280	153.00
0.223300	154.00
0.223320	150.00
0.223340	143.00
0.223360	133.00
0.223380	123.00
0.223400	114.00
0.223420	107.00
0.223440	104.00
0.223460	105.00
0.223480	109.00
0.223500	116.00
0.223520	124.00
0.223540	131.00
0.223560	137.00
0.223580	141.00
0.223600	141.00
0.223620	139.00
0.223640	134.00
0.223660	128.00
0.223680	122.00
0.223700	118.00
0.223720	115.00
0.223740	114.00
0.223760	115.00
0.223780	118.00
0.223800	122.00
0.223820	126.00
0.223840	129.00
0.223860	132.00
0.223880	132.00
0.223900	132.00
0.223920	131.00
0.223940	128.00
0.223960	125.00
0.223980	123.00
0.224000	120.00
0.224020	119.00
0.224040	119.00
0.224060	121.00
0.224080	123.00
0.224100	125.00
0.224120	127.00
0.224140	128.00
0.224160	129.00
0.224180	129.00
0.224200	129.00
0.224220	128.00
0.224240	127.00
0.224260	126.00
0.224280	124.00
0.224300	123.00
0.224320	122.00
0.224340	122.00
0.224360	123.00
0.224380	125.00
0.224400	126.00
0.224420	126.00
0.224440	127.00
0.224460	127.00
0.224480	127.00
0.224500	127.00
0.224520	126.00
0.224540	125.00
0.224560	124.00
0.224580	124.00
0.224600	124.00
0.224620	124.00
0.224640	124.00
0.224660	125.00
0.224680	126.00
0.224700	127.00
0.224720	127.00
0.224740	127.00
0.224760	127.00
0.224780	126.00
0.224800	126.00
0.224820	125.00
0.224840	125.00
0.224860	125.00
0.224880	125.00
0.224900	125.00
0.224920	125.00
0.224940	125.00
0.224960	125.00
0.224980	125.00
0.225000	125.00
0.225020	125.00
0.225040	126.00
0.225060	126.00
0.225080	125.00
0.225100	125.00
0.225120	125.00
0.225140	125.00
0.225160	126.00
0.225180	126.00
0.225200	126.00
0.225220	125.00
0.225240	125.00
0.225260	125.00
0.225280	126.00
0.225300	126.00
0.225320	126.00
0.225340	126.00
0.225360	126.00
0.225380	125.00
0.225400	125.00
0.225420	125.00
0.225440	125.00
0.225460	125.00
0.225480	124.00
0.225500	125.00
0.225520	125.00
0.225540	125.00
0.225560	126.00
0.225580	126.00
0.225600	126.00
0.225620	126.00
0.225640	125.00
0.225660	125.00
0.225680	125.00
0.225700	125.00
0.225720	124.00
0.225740	124.00
0.225760	125.00
0.225780	125.00
0.225800	125.00
0.225820	125.00
0.225840	125.00
0.225860	125.00
0.225880	126.00
0.225900	126.00
0.225920	126.00
0.225940	126.00
0.225960	126.00
0.225980	126.00
0.226000	126.00
0.226020	126.00
0.226040	125.00
0.226060	125.00
0.226080	125.00
0.226100	125.00
0.226120	125.00
0.226140	125.00
0.226160	125.00
0.226180	125.00
0.226200	125.00
0.226220	125.00
0.226240	125.00
0.226260	125.00
0.226280	125.00
0.226300	125.00
0.226320	124.00
0.226340	124.00
0.226360	125.00
0.226380	125.00
0.226400	126.00
0.226420	126.00
0.226440	125.00
0.226460	125.00
0.226480	125.00
0.226500	125.00
0.226520	125.00
0.226540	126.00
0.226560	125.00
0.226580	125.00
0.226600	126.00
0.226620	126.00
0.226640	126.00
0.226660	125.00
0.226680	125.00
0.226700	125.00
0.226720	125.00
0.226740	125.00
0.226760	126.00
0.226780	126.00
0.226800	126.00
0.226820	126.00
0.226840	125.00
0.226860	125.00
0.226880	126.00
